
-1 1
 P1   -0.14300   0.18300  -0.09300    
 O2   -0.73000   1.23300   0.86200    
 O3   -0.40900   0.23100  -1.60500    
 O4    1.52000   0.00900   0.19400    
 O5   -0.45800  -1.37500   0.49900    
 C6    2.25700   1.17400  -0.18300    
 H7    1.92600   2.05700   0.39300    
 H8    2.14200   1.38500  -1.26100    
 H9    3.31700   0.97200   0.03700    
 C10  -1.84900  -1.69800   0.44900    
 H11  -2.22700  -1.67100  -0.58900    
 H12  -2.44200  -0.99900   1.06500    
 H13  -1.95900  -2.71800   0.84900    
--
1 1
 CS   P1   R   O2   60.0   O3   0.0

